log10_k_e: -1.5822773324224721
p1: 1.8170146813336114
p2: 3.4402791405198734
log10_gamma_b: 2.9377602534196035
log10_gamma_min: 0.0
log10_gamma_max: 4.845098040014257
z: 0.361
d_L: 6.125017215845361e+27
delta_D: 25.0
log10_B: -0.6319836549014376
t_var: 43200.0
mu_s: 0.9992498439462307
log10_r: 17.270508045206064
log10_L_disk: 45.82607480270082
log10_M_BH: 41.055142018606524
m_dot: 8.945706450671092e+25
R_in: 50589173803597.266
R_out: 8.431528967266211e+16
xi_dt: 0.6
T_dt: 1000.0
R_dt: 6.47e+18
