log10_k_e: -1.7782926658396425
p1: 1.88838985836934
p2: 3.178997452169874
log10_gamma_b: 3.0169021200241963
log10_gamma_min: 0.0
log10_gamma_max: 4.6020599913279625
z: 0.361
d_L: 6.125017215845361e+27
delta_D: 25.0
log10_B: -0.5605068255165914
t_var: 43200.0
mu_s: 0.9992498439462307
log10_r: 18.49285681199164
log10_L_disk: 45.82607480270082
log10_M_BH: 41.055142018606524
m_dot: 8.945706450671092e+25
R_in: 50589173803597.266
R_out: 8.431528967266211e+16
xi_dt: 0.6
T_dt: 1000.0
R_dt: 6.47e+18
