log10_k_e: -1.8567335164647027
p1: 1.9239109384944666
p2: 3.429344894126625
log10_gamma_b: 2.9141729242539602
log10_gamma_min: 0.0
log10_gamma_max: 4.845098040014257
z: 0.361
d_L: 6.125017215845361e+27
delta_D: 25.0
log10_B: -0.4996484782044878
t_var: 43200.0
mu_s: 0.9992498439462307
log10_r: 17.719698014652995
log10_L_disk: 45.82607480270082
log10_M_BH: 41.055142018606524
m_dot: 8.945706450671092e+25
R_in: 50589173803597.266
R_out: 8.431528967266211e+16
xi_dt: 0.6
T_dt: 1000.0
R_dt: 6.47e+18
